4.232000000000000000e+03 1.002474412673545645e+00
4.232030228679387619e+03 1.002828981560118127e+00
4.232060457574695647e+03 1.003201145649186277e+00
4.232090686685924993e+03 1.001260628009934539e+00
4.232120916013077476e+03 9.994389517305513060e-01
4.232151145556154916e+03 1.001137187875257295e+00
4.232181375315158220e+03 1.002761676060840657e+00
4.232211605290088301e+03 1.001076496319656339e+00
4.232241835480948794e+03 1.000638418344267144e+00
4.232272065887738790e+03 9.972570256386095178e-01
4.232302296510461929e+03 9.979875280651482328e-01
4.232332527349118209e+03 9.999204115021819161e-01
4.232362758403710359e+03 1.002034408407763921e+00
4.232392989674239288e+03 1.000807477649926946e+00
4.232423221160705907e+03 1.001437541946431420e+00
4.232453452863113853e+03 9.975217117234980169e-01
4.232483684781461307e+03 9.681741011084675774e-01
4.232513916915753725e+03 8.439786519398078113e-01
4.232544149265990200e+03 7.150281854433155893e-01
4.232574381832171639e+03 8.018141242759102560e-01
4.232604614614301681e+03 9.429273713960097947e-01
4.232634847612382146e+03 9.904991677583315779e-01
4.232665080826411213e+03 9.991810576515901543e-01
4.232695314256393431e+03 9.999370453847093998e-01
4.232725547902330618e+03 1.001385821679513954e+00
4.232755781764221865e+03 1.001484648207487727e+00
4.232786015842070810e+03 1.001869372162051741e+00
4.232816250135876544e+03 1.001554968253690170e+00
4.232846484645644523e+03 1.001557847482779096e+00
4.232876719371372928e+03 1.000295939469322493e+00
4.232906954313063579e+03 1.001141889732485302e+00
4.232937189470720114e+03 1.001059790367545332e+00
4.232967424844343441e+03 1.001111887787429433e+00
4.232997660433933561e+03 1.001300724870878289e+00
