4.232000000000000000e+03 1.002429634811315751e+00
4.232030228679387619e+03 9.988041941172797200e-01
4.232060457574695647e+03 1.002438418508673657e+00
4.232090686685924993e+03 1.000865571894678174e+00
4.232120916013077476e+03 1.004275881245838331e+00
4.232151145556154916e+03 1.002709872089047050e+00
4.232181375315158220e+03 9.981455438150581561e-01
4.232211605290088301e+03 9.993737433807550197e-01
4.232241835480948794e+03 9.943093552262415313e-01
4.232272065887738790e+03 9.984139942512515464e-01
4.232302296510461929e+03 1.000505995757790867e+00
4.232332527349118209e+03 1.002246542210779356e+00
4.232362758403710359e+03 9.992178908078401811e-01
4.232392989674239288e+03 1.002812089180474153e+00
4.232423221160705907e+03 1.003380292169322674e+00
4.232453452863113853e+03 1.003565132652420422e+00
4.232483684781461307e+03 9.918138632629120988e-01
4.232513916915753725e+03 9.673432023111729894e-01
4.232544149265990200e+03 9.354286045635162861e-01
4.232574381832171639e+03 9.559940152667423252e-01
4.232604614614301681e+03 9.943214454858280149e-01
4.232634847612382146e+03 9.988788970905548847e-01
4.232665080826411213e+03 1.001875501340006913e+00
4.232695314256393431e+03 9.969118095873770180e-01
4.232725547902330618e+03 1.000838968447024024e+00
4.232755781764221865e+03 9.979376651814240162e-01
4.232786015842070810e+03 1.002131469784445672e+00
4.232816250135876544e+03 9.980195217788672135e-01
4.232846484645644523e+03 9.995660261545024072e-01
4.232876719371372928e+03 1.001906995705251990e+00
4.232906954313063579e+03 1.002626469790246277e+00
4.232937189470720114e+03 9.961216777580956805e-01
4.232967424844343441e+03 1.005681898620967019e+00
4.232997660433933561e+03 9.974202719972926623e-01
