4.232000000000000000e+03 9.427851601052033015e-01
4.232030228679387619e+03 9.427851601052033015e-01
4.232060457574695647e+03 9.427851601052033015e-01
4.232090686685924993e+03 9.427851601052033015e-01
4.232120916013077476e+03 9.425849213059324105e-01
4.232151145556154916e+03 9.560402139120833809e-01
4.232181375315158220e+03 9.113485053273499004e-01
4.232211605290088301e+03 9.432052609509443686e-01
4.232241835480948794e+03 9.298292228439846152e-01
4.232272065887738790e+03 9.410495602590697173e-01
4.232302296510461929e+03 9.156127550157253658e-01
4.232332527349118209e+03 9.214291003253708423e-01
4.232362758403710359e+03 9.238682258468914332e-01
4.232392989674239288e+03 9.035396338868383337e-01
4.232423221160705907e+03 9.125049430439036158e-01
4.232453452863113853e+03 8.265987522794118192e-01
4.232483684781461307e+03 6.635468968482205465e-01
4.232513916915753725e+03 4.709110071811967169e-01
4.232544149265990200e+03 2.670645591638590721e-01
4.232574381832171639e+03 6.427190212000366554e-02
4.232604614614301681e+03 9.393710358149502671e-02
4.232634847612382146e+03 4.805449251783659448e-01
4.232665080826411213e+03 7.457980591410330318e-01
4.232695314256393431e+03 8.696569531345320625e-01
4.232725547902330618e+03 9.427572192562684306e-01
4.232755781764221865e+03 9.137692903538898737e-01
4.232786015842070810e+03 9.519395022838752496e-01
4.232816250135876544e+03 9.508698357732712214e-01
4.232846484645644523e+03 9.271840380900300271e-01
4.232876719371372928e+03 9.501604881471825692e-01
4.232906954313063579e+03 9.334658549469354583e-01
4.232937189470720114e+03 9.247186708746145678e-01
4.232967424844343441e+03 9.350942814809249937e-01
4.232997660433933561e+03 9.351214562762565352e-01
