4.232000000000000000e+03 9.406659520359451632e-01
4.232030228679387619e+03 9.406659520359451632e-01
4.232060457574695647e+03 9.406659520359451632e-01
4.232090686685924993e+03 9.406659520359451632e-01
4.232120916013077476e+03 9.359152226096063565e-01
4.232151145556154916e+03 9.460568215152328486e-01
4.232181375315158220e+03 9.633628129915905447e-01
4.232211605290088301e+03 8.954035134310117661e-01
4.232241835480948794e+03 9.398601858962057909e-01
4.232272065887738790e+03 9.219779514503230189e-01
4.232302296510461929e+03 9.275050059441526384e-01
4.232332527349118209e+03 9.293077585357426562e-01
4.232362758403710359e+03 8.978390339621009630e-01
4.232392989674239288e+03 9.064188732380826785e-01
4.232423221160705907e+03 8.966486726927915818e-01
4.232453452863113853e+03 8.010235316163362151e-01
4.232483684781461307e+03 5.528400976522728216e-01
4.232513916915753725e+03 1.196433185237845281e-01
4.232544149265990200e+03 1.238351687933252759e-01
4.232574381832171639e+03 5.569374583258981382e-01
4.232604614614301681e+03 7.857991480064639989e-01
4.232634847612382146e+03 7.887372386924166312e-01
4.232665080826411213e+03 8.965619635784630725e-01
4.232695314256393431e+03 9.358041843378267499e-01
4.232725547902330618e+03 9.341456445614944037e-01
4.232755781764221865e+03 9.311875372586069233e-01
4.232786015842070810e+03 9.365737908665127120e-01
4.232816250135876544e+03 9.370688144447928414e-01
4.232846484645644523e+03 9.332571719589829451e-01
4.232876719371372928e+03 9.256917658894145973e-01
4.232906954313063579e+03 9.296230411281830586e-01
4.232937189470720114e+03 9.356350245317863745e-01
4.232967424844343441e+03 9.406237143500693065e-01
4.232997660433933561e+03 9.388487536066860706e-01
