4.232000000000000000e+03 9.572812192154069866e-01
4.232030228679387619e+03 9.572812192154069866e-01
4.232060457574695647e+03 9.572812192154069866e-01
4.232090686685924993e+03 9.572812192154069866e-01
4.232120916013077476e+03 9.576000650745772891e-01
4.232151145556154916e+03 9.575209305499432499e-01
4.232181375315158220e+03 9.593418939947572222e-01
4.232211605290088301e+03 9.621070536883866708e-01
4.232241835480948794e+03 9.591899426488451619e-01
4.232272065887738790e+03 9.438874587344001643e-01
4.232302296510461929e+03 9.329615534721223957e-01
4.232332527349118209e+03 9.448186837586007858e-01
4.232362758403710359e+03 9.615211046247654769e-01
4.232392989674239288e+03 9.454212656395171166e-01
4.232423221160705907e+03 9.079625864803377855e-01
4.232453452863113853e+03 8.062489563143282467e-01
4.232483684781461307e+03 5.902922064041067340e-01
4.232513916915753725e+03 2.353260667413113461e-01
4.232544149265990200e+03 2.382125159876623960e-02
4.232574381832171639e+03 2.230267665734778360e-01
4.232604614614301681e+03 6.069471476364414197e-01
4.232634847612382146e+03 8.760881719719734173e-01
4.232665080826411213e+03 9.503582785250419551e-01
4.232695314256393431e+03 9.527164440293371950e-01
4.232725547902330618e+03 9.500633826492743683e-01
4.232755781764221865e+03 9.480708969080833270e-01
4.232786015842070810e+03 9.476889740906333515e-01
4.232816250135876544e+03 9.503739586354068569e-01
4.232846484645644523e+03 9.597732775415040996e-01
4.232876719371372928e+03 9.535339400588493941e-01
4.232906954313063579e+03 9.530674628033626306e-01
4.232937189470720114e+03 9.520780590512739616e-01
4.232967424844343441e+03 9.545356805247300347e-01
4.232997660433933561e+03 9.605662259022235139e-01
