4.232000000000000000e+03 9.881798872554570234e-01
4.232030228679387619e+03 9.881798872554570234e-01
4.232060457574695647e+03 9.881798872554570234e-01
4.232090686685924993e+03 9.881798872554570234e-01
4.232120916013077476e+03 9.881376040936029614e-01
4.232151145556154916e+03 9.832669666028712729e-01
4.232181375315158220e+03 9.738202352332636647e-01
4.232211605290088301e+03 9.838379078716189552e-01
4.232241835480948794e+03 9.478822318769144495e-01
4.232272065887738790e+03 9.639171684798775175e-01
4.232302296510461929e+03 9.466317560651001939e-01
4.232332527349118209e+03 9.499667913416507403e-01
4.232362758403710359e+03 9.576793311249034435e-01
4.232392989674239288e+03 9.531206777717056156e-01
4.232423221160705907e+03 9.698356314919885923e-01
4.232453452863113853e+03 9.205064334732803166e-01
4.232483684781461307e+03 7.273517255128854053e-01
4.232513916915753725e+03 3.090548883213535825e-01
4.232544149265990200e+03 2.681558288013623573e-02
4.232574381832171639e+03 1.363120464347079008e-01
4.232604614614301681e+03 3.433421971539238893e-01
4.232634847612382146e+03 4.601488913876241593e-01
4.232665080826411213e+03 6.377962469435747295e-01
4.232695314256393431e+03 8.783803165998289586e-01
4.232725547902330618e+03 9.449187797042295500e-01
4.232755781764221865e+03 9.592425232493064780e-01
4.232786015842070810e+03 9.714348389975009379e-01
4.232816250135876544e+03 9.737759348853404218e-01
4.232846484645644523e+03 9.830285866970422948e-01
4.232876719371372928e+03 9.714743396502725226e-01
4.232906954313063579e+03 9.716223736023577029e-01
4.232937189470720114e+03 9.579341155686172948e-01
4.232967424844343441e+03 9.755952932269809086e-01
4.232997660433933561e+03 9.775761702168357381e-01
