4.232000000000000000e+03 1.000114257426863329e+00
4.232030228679387619e+03 1.000188455694270395e+00
4.232060457574695647e+03 9.998001008870052164e-01
4.232090686685924993e+03 9.983746211079009836e-01
4.232120916013077476e+03 9.997350059024503466e-01
4.232151145556154916e+03 1.000059377790116777e+00
4.232181375315158220e+03 1.000525019803264914e+00
4.232211605290088301e+03 1.001288638474544745e+00
4.232241835480948794e+03 1.000061182745305643e+00
4.232272065887738790e+03 9.985625923704870566e-01
4.232302296510461929e+03 9.999701310674815602e-01
4.232332527349118209e+03 1.001303174589416756e+00
4.232362758403710359e+03 9.970476434016531941e-01
4.232392989674239288e+03 9.987643011390585635e-01
4.232423221160705907e+03 9.973861263071539529e-01
4.232453452863113853e+03 9.938622909562122576e-01
4.232483684781461307e+03 9.833985843186519027e-01
4.232513916915753725e+03 9.622732201563795051e-01
4.232544149265990200e+03 9.365685759165747193e-01
4.232574381832171639e+03 9.491905690949320462e-01
4.232604614614301681e+03 9.870353382286032318e-01
4.232634847612382146e+03 9.970749395620206457e-01
4.232665080826411213e+03 9.988793468481079740e-01
4.232695314256393431e+03 9.999913221086228488e-01
4.232725547902330618e+03 1.001067636952786444e+00
4.232755781764221865e+03 9.991809521533303595e-01
4.232786015842070810e+03 9.988974872793348059e-01
4.232816250135876544e+03 1.000453034263825369e+00
4.232846484645644523e+03 1.000600581419681001e+00
4.232876719371372928e+03 1.000797783049560241e+00
4.232906954313063579e+03 1.000605598791359574e+00
4.232937189470720114e+03 1.002029017402592315e+00
4.232967424844343441e+03 1.001498451286318314e+00
4.232997660433933561e+03 1.000665788234615716e+00
