4.232000000000000000e+03 9.463768202647229177e-01
4.232030228679387619e+03 9.463768202647229177e-01
4.232060457574695647e+03 9.463768202647229177e-01
4.232090686685924993e+03 9.463768202647229177e-01
4.232120916013077476e+03 9.518626846561946131e-01
4.232151145556154916e+03 9.549352948539502339e-01
4.232181375315158220e+03 9.507516871402245107e-01
4.232211605290088301e+03 9.469064950022093585e-01
4.232241835480948794e+03 9.519685451924062569e-01
4.232272065887738790e+03 9.610556096964049111e-01
4.232302296510461929e+03 9.510660193328246415e-01
4.232332527349118209e+03 9.607334651634453770e-01
4.232362758403710359e+03 9.408431443126807903e-01
4.232392989674239288e+03 9.276622569090030579e-01
4.232423221160705907e+03 9.251461016593531816e-01
4.232453452863113853e+03 9.088129724244840002e-01
4.232483684781461307e+03 7.214844626912733094e-01
4.232513916915753725e+03 3.235096643276874628e-01
4.232544149265990200e+03 5.790040884147241301e-02
4.232574381832171639e+03 4.572842716572533828e-01
4.232604614614301681e+03 8.946630658271713665e-01
4.232634847612382146e+03 9.859299769236006261e-01
4.232665080826411213e+03 9.779250235218986953e-01
4.232695314256393431e+03 9.934360567752802407e-01
4.232725547902330618e+03 9.902675289948329462e-01
4.232755781764221865e+03 9.782221974759803818e-01
4.232786015842070810e+03 9.839030405618093278e-01
4.232816250135876544e+03 9.833893227555287053e-01
4.232846484645644523e+03 9.761907516414406460e-01
4.232876719371372928e+03 9.566272065517422707e-01
4.232906954313063579e+03 9.466694437892955172e-01
4.232937189470720114e+03 9.276053735517836296e-01
4.232967424844343441e+03 9.117084724774926485e-01
4.232997660433933561e+03 9.120834338999979085e-01
