4.232000000000000000e+03 1.001486222332500953e+00
4.232030228679387619e+03 9.999167884336492840e-01
4.232060457574695647e+03 1.000387202898928685e+00
4.232090686685924993e+03 1.001209367764734237e+00
4.232120916013077476e+03 1.000656073396684276e+00
4.232151145556154916e+03 1.001047539628008076e+00
4.232181375315158220e+03 1.002052822332286208e+00
4.232211605290088301e+03 1.000490560763894310e+00
4.232241835480948794e+03 9.995747003628189242e-01
4.232272065887738790e+03 9.984735383960584576e-01
4.232302296510461929e+03 9.980992156686254724e-01
4.232332527349118209e+03 9.998932964617016639e-01
4.232362758403710359e+03 9.999883233032478280e-01
4.232392989674239288e+03 9.990696096364573009e-01
4.232423221160705907e+03 9.957642309348235798e-01
4.232453452863113853e+03 9.864700327607778263e-01
4.232483684781461307e+03 9.596690104755669637e-01
4.232513916915753725e+03 8.986629107675030426e-01
4.232544149265990200e+03 8.536952391492516057e-01
4.232574381832171639e+03 8.846355686706445232e-01
4.232604614614301681e+03 9.441128475955647970e-01
4.232634847612382146e+03 9.841784118657636027e-01
4.232665080826411213e+03 9.968581447204168944e-01
4.232695314256393431e+03 9.987471699384121715e-01
4.232725547902330618e+03 1.001822499255578203e+00
4.232755781764221865e+03 1.001388388817262109e+00
4.232786015842070810e+03 1.001605676331325467e+00
4.232816250135876544e+03 1.000835382795177031e+00
4.232846484645644523e+03 1.001470946336386891e+00
4.232876719371372928e+03 1.002093380606716932e+00
4.232906954313063579e+03 1.001666775116901498e+00
4.232937189470720114e+03 1.001738722241175106e+00
4.232967424844343441e+03 9.998510246801980417e-01
4.232997660433933561e+03 1.000083573518387947e+00
