4.232000000000000000e+03 nan
4.232030228679387619e+03 nan
4.232060457574695647e+03 nan
4.232090686685924993e+03 nan
4.232120916013077476e+03 nan
4.232151145556154916e+03 nan
4.232181375315158220e+03 nan
4.232211605290088301e+03 nan
4.232241835480948794e+03 nan
4.232272065887738790e+03 nan
4.232302296510461929e+03 nan
4.232332527349118209e+03 nan
4.232362758403710359e+03 nan
4.232392989674239288e+03 nan
4.232423221160705907e+03 nan
4.232453452863113853e+03 nan
4.232483684781461307e+03 nan
4.232513916915753725e+03 nan
4.232544149265990200e+03 nan
4.232574381832171639e+03 nan
4.232604614614301681e+03 nan
4.232634847612382146e+03 nan
4.232665080826411213e+03 nan
4.232695314256393431e+03 nan
4.232725547902330618e+03 nan
4.232755781764221865e+03 nan
4.232786015842070810e+03 nan
4.232816250135876544e+03 nan
4.232846484645644523e+03 nan
4.232876719371372928e+03 nan
4.232906954313063579e+03 nan
4.232937189470720114e+03 nan
4.232967424844343441e+03 nan
4.232997660433933561e+03 nan
