4.232000000000000000e+03 9.997192055086394635e-01
4.232030228679387619e+03 9.981546792735414009e-01
4.232060457574695647e+03 9.982949221364738612e-01
4.232090686685924993e+03 9.977986550776453134e-01
4.232120916013077476e+03 9.975238524541185647e-01
4.232151145556154916e+03 9.961137366693796347e-01
4.232181375315158220e+03 9.972769813489562596e-01
4.232211605290088301e+03 9.971934453225280715e-01
4.232241835480948794e+03 9.969502590187767632e-01
4.232272065887738790e+03 9.987043914661112298e-01
4.232302296510461929e+03 9.992984645848212999e-01
4.232332527349118209e+03 9.991325006383977581e-01
4.232362758403710359e+03 9.990293294571147564e-01
4.232392989674239288e+03 9.994569959789004754e-01
4.232423221160705907e+03 9.984180206497801358e-01
4.232453452863113853e+03 9.948035038403855168e-01
4.232483684781461307e+03 9.897709532099429053e-01
4.232513916915753725e+03 9.747888398449936487e-01
4.232544149265990200e+03 9.589725708517793379e-01
4.232574381832171639e+03 9.680660336148929623e-01
4.232604614614301681e+03 9.879166285656666435e-01
4.232634847612382146e+03 9.956556793045181486e-01
4.232665080826411213e+03 9.990132885323013134e-01
4.232695314256393431e+03 9.990295963764426190e-01
4.232725547902330618e+03 1.000041412467598256e+00
4.232755781764221865e+03 9.985742111042236191e-01
4.232786015842070810e+03 1.000459740971561429e+00
4.232816250135876544e+03 1.002082016844172196e+00
4.232846484645644523e+03 1.000711056015339828e+00
4.232876719371372928e+03 1.001937472910833904e+00
4.232906954313063579e+03 1.002580167804636879e+00
4.232937189470720114e+03 1.003236295409072998e+00
4.232967424844343441e+03 1.003367289525057604e+00
4.232997660433933561e+03 1.004264679977638242e+00
