4.232000000000000000e+03 9.995880653804393168e-01
4.232030228679387619e+03 9.999967868523130798e-01
4.232060457574695647e+03 1.000681210118248954e+00
4.232090686685924993e+03 9.999652614738486767e-01
4.232120916013077476e+03 1.000609531628626536e+00
4.232151145556154916e+03 1.000605406938792852e+00
4.232181375315158220e+03 9.993805763820623467e-01
4.232211605290088301e+03 1.000238046111644463e+00
4.232241835480948794e+03 9.991068762318011665e-01
4.232272065887738790e+03 9.992168557286141839e-01
4.232302296510461929e+03 9.995667148086523346e-01
4.232332527349118209e+03 9.986600727250865006e-01
4.232362758403710359e+03 9.979507986865140401e-01
4.232392989674239288e+03 1.000254450616345769e+00
4.232423221160705907e+03 9.989946929484490035e-01
4.232453452863113853e+03 9.959342758917801852e-01
4.232483684781461307e+03 9.845168974790333705e-01
4.232513916915753725e+03 9.599119200543869690e-01
4.232544149265990200e+03 9.350538808313362260e-01
4.232574381832171639e+03 9.490176461994725976e-01
4.232604614614301681e+03 9.823627066287724530e-01
4.232634847612382146e+03 9.988972789517593931e-01
4.232665080826411213e+03 1.000114591176836987e+00
4.232695314256393431e+03 1.000265634726088315e+00
4.232725547902330618e+03 9.994445692829945216e-01
4.232755781764221865e+03 1.000017303372628286e+00
4.232786015842070810e+03 1.000502465201092095e+00
4.232816250135876544e+03 9.992863586679824328e-01
4.232846484645644523e+03 1.000248111956971497e+00
4.232876719371372928e+03 1.000961452961729448e+00
4.232906954313063579e+03 9.995486907804286281e-01
4.232937189470720114e+03 9.986262219731384393e-01
4.232967424844343441e+03 9.993149257775258976e-01
4.232997660433933561e+03 9.990773324950180667e-01
