4.232000000000000000e+03 8.467954002740900599e-01
4.232030228679387619e+03 8.467954002740900599e-01
4.232060457574695647e+03 8.467954002740900599e-01
4.232090686685924993e+03 8.467954002740900599e-01
4.232120916013077476e+03 8.648635609988174489e-01
4.232151145556154916e+03 8.781120130025162895e-01
4.232181375315158220e+03 8.891601779865060395e-01
4.232211605290088301e+03 9.029885713303912320e-01
4.232241835480948794e+03 9.211577865570054202e-01
4.232272065887738790e+03 9.358409279508771439e-01
4.232302296510461929e+03 9.603342276647266473e-01
4.232332527349118209e+03 9.216751088553930549e-01
4.232362758403710359e+03 9.285228458288962150e-01
4.232392989674239288e+03 9.358288310451805536e-01
4.232423221160705907e+03 9.184484333067151063e-01
4.232453452863113853e+03 8.207491397935033905e-01
4.232483684781461307e+03 7.669778201698639331e-01
4.232513916915753725e+03 3.915424114844767711e-01
4.232544149265990200e+03 3.093587951374955972e-02
4.232574381832171639e+03 2.989068003867998424e-01
4.232604614614301681e+03 7.418590582086812546e-01
4.232634847612382146e+03 8.924561449997835405e-01
4.232665080826411213e+03 9.308628806284755530e-01
4.232695314256393431e+03 8.718413401786626604e-01
4.232725547902330618e+03 9.124195712887864795e-01
4.232755781764221865e+03 9.271632323272650522e-01
4.232786015842070810e+03 8.999580696157837290e-01
4.232816250135876544e+03 8.789242442394953336e-01
4.232846484645644523e+03 9.061179891985972068e-01
4.232876719371372928e+03 8.996257836243658490e-01
4.232906954313063579e+03 8.786647498875210793e-01
4.232937189470720114e+03 8.746496122599087819e-01
4.232967424844343441e+03 8.666394749648803630e-01
4.232997660433933561e+03 8.792222800619514667e-01
