7.698000000000000000e+03 9.908969496645850805e-01
7.698035972046663119e+03 9.908969496645850805e-01
7.698071944261420867e+03 9.908969496645850805e-01
7.698107916644272336e+03 9.908969496645850805e-01
7.698143889195220254e+03 9.877524114438901437e-01
7.698179861914265530e+03 9.860072349590541796e-01
7.698215834801407254e+03 9.834481035783030345e-01
7.698251807856646337e+03 9.809552415296095562e-01
7.698287781079984597e+03 9.800320001465340214e-01
7.698323754471423854e+03 9.805047045724500920e-01
7.698359728030960468e+03 9.770660413928169419e-01
7.698395701758599898e+03 9.772529114364053582e-01
7.698431675654342143e+03 9.718469892664396426e-01
7.698467649718185385e+03 9.695200464285937958e-01
7.698503623950134170e+03 9.755662036634882295e-01
7.698539598350184860e+03 9.677340784751075065e-01
7.698575572918341095e+03 9.690169057112301143e-01
7.698611547654604692e+03 9.662258846738106532e-01
7.698647522558973833e+03 9.627978275887602022e-01
7.698683497631450336e+03 9.604381241569797112e-01
7.698719472872035112e+03 9.570278081050225261e-01
7.698755448280729979e+03 9.527368521893373465e-01
7.698791423857534028e+03 9.601970189484179130e-01
7.698827399602448168e+03 9.369772513442148343e-01
7.698863375515473308e+03 8.549070108572986992e-01
7.698899351596611268e+03 7.262430242117545731e-01
7.698935327845862048e+03 3.660902934815624121e-01
7.698971304263226557e+03 2.689929702386007621e-02
7.699007280848704795e+03 3.819858880174640814e-01
7.699043257602300400e+03 8.417710028041067716e-01
7.699079234524009735e+03 9.668142091922944381e-01
7.699115211613836436e+03 9.844379622311131284e-01
7.699151188871783233e+03 9.898829304435137200e-01
7.699187166297845579e+03 9.904292671160009887e-01
7.699223143892028020e+03 9.939641708705851952e-01
7.699259121654330556e+03 9.969736652598899518e-01
7.699295099584752279e+03 9.944535809332559761e-01
7.699331077683297735e+03 9.979679651141966090e-01
7.699367055949965106e+03 9.992425165553703303e-01
7.699403034384755301e+03 9.962628095873661271e-01
7.699439012987669230e+03 9.979952601378890842e-01
7.699474991758708711e+03 9.918489459221035975e-01
7.699510970697872835e+03 9.888366098888122790e-01
7.699546949805162512e+03 9.844504827561394444e-01
7.699582929080581380e+03 9.818519788368701429e-01
7.699618908524126709e+03 9.758570576413591047e-01
7.699654888135800320e+03 9.799868267811334688e-01
7.699690867915604031e+03 9.788659052537341809e-01
7.699726847863537841e+03 9.736981370811708114e-01
7.699762827979601752e+03 9.746833983107230370e-01
7.699798808263799401e+03 9.720921010038029442e-01
7.699834788716128969e+03 9.678263337995690607e-01
7.699870769336590456e+03 9.677237269215300808e-01
7.699906750125188410e+03 9.675694198041485672e-01
7.699942731081918282e+03 9.675694198041485672e-01
7.699978712206786440e+03 9.675694198041485672e-01
7.700014693499790155e+03 9.675694198041485672e-01
