7.698000000000000000e+03 9.833353434503302459e-01
7.698035972046663119e+03 9.833353434503302459e-01
7.698071944261420867e+03 9.833353434503302459e-01
7.698107916644272336e+03 9.833353434503302459e-01
7.698143889195220254e+03 9.833353434503302459e-01
7.698179861914265530e+03 9.833353434503302459e-01
7.698215834801407254e+03 9.833353434503302459e-01
7.698251807856646337e+03 9.833353434503302459e-01
7.698287781079984597e+03 9.833353434503302459e-01
7.698323754471423854e+03 9.817568533714124968e-01
7.698359728030960468e+03 9.853849564843524256e-01
7.698395701758599898e+03 9.915498871362213862e-01
7.698431675654342143e+03 9.950050060442380273e-01
7.698467649718185385e+03 9.943916521713762613e-01
7.698503623950134170e+03 9.941219579381922467e-01
7.698539598350184860e+03 9.950425919575791589e-01
7.698575572918341095e+03 9.958449537099752780e-01
7.698611547654604692e+03 9.947196710126823271e-01
7.698647522558973833e+03 9.927030287286170429e-01
7.698683497631450336e+03 9.876133364103732992e-01
7.698719472872035112e+03 9.753835898324001441e-01
7.698755448280729979e+03 9.643546364173797292e-01
7.698791423857534028e+03 9.282606148516624467e-01
7.698827399602448168e+03 8.705753428935075755e-01
7.698863375515473308e+03 7.829541405162526724e-01
7.698899351596611268e+03 5.284944913979159331e-01
7.698935327845862048e+03 1.761067925682343882e-01
7.698971304263226557e+03 1.236448776637775332e-02
7.699007280848704795e+03 2.225856835835393621e-01
7.699043257602300400e+03 6.475881216654953976e-01
7.699079234524009735e+03 8.954320754955856776e-01
7.699115211613836436e+03 9.232831202906927048e-01
7.699151188871783233e+03 9.432089928379171484e-01
7.699187166297845579e+03 9.852344720495285202e-01
7.699223143892028020e+03 9.921482485299421006e-01
7.699259121654330556e+03 9.862140405649740815e-01
7.699295099584752279e+03 9.781605586759321014e-01
7.699331077683297735e+03 9.783725849305047184e-01
7.699367055949965106e+03 9.856863479578605869e-01
7.699403034384755301e+03 9.867990598908512601e-01
7.699439012987669230e+03 9.876548082616313229e-01
7.699474991758708711e+03 9.848569151910636643e-01
7.699510970697872835e+03 9.802746246758072823e-01
7.699546949805162512e+03 9.818947270369244862e-01
7.699582929080581380e+03 9.878295363942427576e-01
7.699618908524126709e+03 9.885828703932535433e-01
7.699654888135800320e+03 9.898324683670370883e-01
7.699690867915604031e+03 9.898441127961606911e-01
7.699726847863537841e+03 9.896597859667685126e-01
7.699762827979601752e+03 9.912489412120452092e-01
7.699798808263799401e+03 9.926321787347452963e-01
7.699834788716128969e+03 9.920334115099119776e-01
7.699870769336590456e+03 9.919411889218568978e-01
7.699906750125188410e+03 9.921001103146672717e-01
7.699942731081918282e+03 9.933790181387940343e-01
7.699978712206786440e+03 9.942537663374749757e-01
7.700014693499790155e+03 9.929017216341137209e-01
