7.698000000000000000e+03 9.868359577761317558e-01
7.698035972046663119e+03 9.868359577761317558e-01
7.698071944261420867e+03 9.868359577761317558e-01
7.698107916644272336e+03 9.868359577761317558e-01
7.698143889195220254e+03 9.868359577761317558e-01
7.698179861914265530e+03 9.868359577761317558e-01
7.698215834801407254e+03 9.868359577761317558e-01
7.698251807856646337e+03 9.868359577761317558e-01
7.698287781079984597e+03 9.868359577761317558e-01
7.698323754471423854e+03 9.868359577761317558e-01
7.698359728030960468e+03 9.868359577761317558e-01
7.698395701758599898e+03 9.844611888194819693e-01
7.698431675654342143e+03 9.814043171309428937e-01
7.698467649718185385e+03 9.885567816934059948e-01
7.698503623950134170e+03 9.848954401086323918e-01
7.698539598350184860e+03 9.791474872168326460e-01
7.698575572918341095e+03 9.818026718587464785e-01
7.698611547654604692e+03 9.793305748373086761e-01
7.698647522558973833e+03 9.716114158895633457e-01
7.698683497631450336e+03 9.707903951770218143e-01
7.698719472872035112e+03 9.781042786185775162e-01
7.698755448280729979e+03 9.749992746320182979e-01
7.698791423857534028e+03 9.627802111221249737e-01
7.698827399602448168e+03 9.278815867003924467e-01
7.698863375515473308e+03 8.061299954719027827e-01
7.698899351596611268e+03 4.711778225118822827e-01
7.698935327845862048e+03 5.264659797983435585e-02
7.698971304263226557e+03 7.552426837287147532e-02
7.699007280848704795e+03 2.516214599891316017e-01
7.699043257602300400e+03 5.366530588804649948e-01
7.699079234524009735e+03 8.791492303795012120e-01
7.699115211613836436e+03 9.736002438369469880e-01
7.699151188871783233e+03 9.834638526181059826e-01
7.699187166297845579e+03 9.854875924993897751e-01
7.699223143892028020e+03 9.842698872770176965e-01
7.699259121654330556e+03 9.872406020563539997e-01
7.699295099584752279e+03 9.882174621659507441e-01
7.699331077683297735e+03 9.913320596096619752e-01
7.699367055949965106e+03 9.931532132400887614e-01
7.699403034384755301e+03 9.909229846296565558e-01
7.699439012987669230e+03 9.906723712592743203e-01
7.699474991758708711e+03 9.908681115552582241e-01
7.699510970697872835e+03 9.925501259687342648e-01
7.699546949805162512e+03 9.912357456835281244e-01
7.699582929080581380e+03 9.911228330438166534e-01
7.699618908524126709e+03 9.894548611632683066e-01
7.699654888135800320e+03 9.873122934031621778e-01
7.699690867915604031e+03 9.863042639423678093e-01
7.699726847863537841e+03 9.822339530540007413e-01
7.699762827979601752e+03 9.793000003464589209e-01
7.699798808263799401e+03 9.767214885662587331e-01
7.699834788716128969e+03 9.759734094079737243e-01
7.699870769336590456e+03 9.754139521924676259e-01
7.699906750125188410e+03 9.766705217239992631e-01
7.699942731081918282e+03 9.724183266086228183e-01
7.699978712206786440e+03 9.748682781308767309e-01
7.700014693499790155e+03 9.775421011262059867e-01
