7.698000000000000000e+03 9.977456456482384217e-01
7.698035972046663119e+03 9.977456456482384217e-01
7.698071944261420867e+03 9.977456456482384217e-01
7.698107916644272336e+03 9.977456456482384217e-01
7.698143889195220254e+03 9.997348216727710568e-01
7.698179861914265530e+03 9.941167578611633804e-01
7.698215834801407254e+03 9.899097434147146046e-01
7.698251807856646337e+03 9.917323773705331025e-01
7.698287781079984597e+03 9.893869286818837150e-01
7.698323754471423854e+03 9.876117156444885747e-01
7.698359728030960468e+03 9.864513159837222656e-01
7.698395701758599898e+03 9.905762382255132170e-01
7.698431675654342143e+03 9.857862276783191380e-01
7.698467649718185385e+03 9.800525167425193640e-01
7.698503623950134170e+03 9.784983914909819447e-01
7.698539598350184860e+03 9.810192040774711186e-01
7.698575572918341095e+03 9.821075072171002729e-01
7.698611547654604692e+03 9.796994687181324046e-01
7.698647522558973833e+03 9.823405964710670846e-01
7.698683497631450336e+03 9.796950953247752780e-01
7.698719472872035112e+03 9.761432863814502037e-01
7.698755448280729979e+03 9.448632104733569737e-01
7.698791423857534028e+03 9.217741119469707867e-01
7.698827399602448168e+03 8.420200893836035094e-01
7.698863375515473308e+03 6.062169516569507755e-01
7.698899351596611268e+03 2.546414975338979758e-01
7.698935327845862048e+03 4.531924578280518978e-02
7.698971304263226557e+03 2.681378992403228301e-01
7.699007280848704795e+03 5.369402065165364002e-01
7.699043257602300400e+03 5.489596189105127033e-01
7.699079234524009735e+03 5.831626936092476621e-01
7.699115211613836436e+03 6.372274938825731594e-01
7.699151188871783233e+03 7.614594528277961460e-01
7.699187166297845579e+03 9.107002674304286449e-01
7.699223143892028020e+03 9.744280842472279325e-01
7.699259121654330556e+03 9.915182104991194789e-01
7.699295099584752279e+03 9.940476842578835903e-01
7.699331077683297735e+03 9.971537954879369225e-01
7.699367055949965106e+03 9.997331858988939279e-01
7.699403034384755301e+03 9.996495626394557021e-01
7.699439012987669230e+03 9.919825900174571442e-01
7.699474991758708711e+03 9.984191876744062943e-01
7.699510970697872835e+03 9.930837673205936689e-01
7.699546949805162512e+03 9.903035055312751078e-01
7.699582929080581380e+03 9.946027610657881546e-01
7.699618908524126709e+03 9.928116192957928687e-01
7.699654888135800320e+03 9.922034254551392873e-01
7.699690867915604031e+03 9.858469808770118359e-01
7.699726847863537841e+03 9.835760983412994429e-01
7.699762827979601752e+03 9.783122295941866220e-01
7.699798808263799401e+03 9.847483792387525803e-01
7.699834788716128969e+03 9.867193045950342078e-01
7.699870769336590456e+03 9.855028756366888132e-01
7.699906750125188410e+03 9.807054375223620557e-01
7.699942731081918282e+03 9.807054375223620557e-01
7.699978712206786440e+03 9.807054375223620557e-01
7.700014693499790155e+03 9.807054375223620557e-01
