7.698000000000000000e+03 9.995587180320262277e-01
7.698035972046663119e+03 9.995587180320262277e-01
7.698071944261420867e+03 9.995587180320262277e-01
7.698107916644272336e+03 9.995587180320262277e-01
7.698143889195220254e+03 9.995587180320262277e-01
7.698179861914265530e+03 9.995587180320262277e-01
7.698215834801407254e+03 9.995587180320262277e-01
7.698251807856646337e+03 9.995587180320262277e-01
7.698287781079984597e+03 9.995587180320262277e-01
7.698323754471423854e+03 9.995587180320262277e-01
7.698359728030960468e+03 9.995587180320262277e-01
7.698395701758599898e+03 9.995587180320262277e-01
7.698431675654342143e+03 9.995587180320262277e-01
7.698467649718185385e+03 9.995587180320262277e-01
7.698503623950134170e+03 9.995428101883195859e-01
7.698539598350184860e+03 9.973609936338780901e-01
7.698575572918341095e+03 9.914349935291312255e-01
7.698611547654604692e+03 9.883164108835114092e-01
7.698647522558973833e+03 9.871958599590762162e-01
7.698683497631450336e+03 9.850925747995868953e-01
7.698719472872035112e+03 9.857292660965568665e-01
7.698755448280729979e+03 9.824016367954249151e-01
7.698791423857534028e+03 9.632615206394441465e-01
7.698827399602448168e+03 9.132062841212756910e-01
7.698863375515473308e+03 8.883814695983314191e-01
7.698899351596611268e+03 7.794830643905885648e-01
7.698935327845862048e+03 2.956703265225324451e-01
7.698971304263226557e+03 2.437779918113554961e-02
7.699007280848704795e+03 4.400479588258888741e-01
7.699043257602300400e+03 8.895953871135844349e-01
7.699079234524009735e+03 9.549636504393054226e-01
7.699115211613836436e+03 9.595649475497847192e-01
7.699151188871783233e+03 9.630633096486155287e-01
7.699187166297845579e+03 9.639862194805042250e-01
7.699223143892028020e+03 9.517410706244971985e-01
7.699259121654330556e+03 9.436765282865942073e-01
7.699295099584752279e+03 9.398329146225439246e-01
7.699331077683297735e+03 9.422522665447149448e-01
7.699367055949965106e+03 9.494514188290127388e-01
7.699403034384755301e+03 9.558112201376501860e-01
7.699439012987669230e+03 9.577350547880802978e-01
7.699474991758708711e+03 9.552540405206153551e-01
7.699510970697872835e+03 9.559860932974957315e-01
7.699546949805162512e+03 9.561289870806446434e-01
7.699582929080581380e+03 9.552621096793558753e-01
7.699618908524126709e+03 9.568666985678138115e-01
7.699654888135800320e+03 9.594136815153915254e-01
7.699690867915604031e+03 9.624772534536785162e-01
7.699726847863537841e+03 9.623017696635411955e-01
7.699762827979601752e+03 9.690146968600127364e-01
7.699798808263799401e+03 9.641626819888209354e-01
7.699834788716128969e+03 9.644086684614525673e-01
7.699870769336590456e+03 9.653690978459705807e-01
7.699906750125188410e+03 9.691189540373763567e-01
7.699942731081918282e+03 9.680085906093103265e-01
7.699978712206786440e+03 9.677369854792448045e-01
7.700014693499790155e+03 9.668342468114212718e-01
