7.698000000000000000e+03 9.888989128303423692e-01
7.698035972046663119e+03 9.888989128303423692e-01
7.698071944261420867e+03 9.888989128303423692e-01
7.698107916644272336e+03 9.888989128303423692e-01
7.698143889195220254e+03 9.888989128303423692e-01
7.698179861914265530e+03 9.888989128303423692e-01
7.698215834801407254e+03 9.888989128303423692e-01
7.698251807856646337e+03 9.888989128303423692e-01
7.698287781079984597e+03 9.888989128303423692e-01
7.698323754471423854e+03 9.888989128303423692e-01
7.698359728030960468e+03 9.888989128303423692e-01
7.698395701758599898e+03 9.888989128303423692e-01
7.698431675654342143e+03 9.888989128303423692e-01
7.698467649718185385e+03 9.836911903956692127e-01
7.698503623950134170e+03 9.773484894034862869e-01
7.698539598350184860e+03 9.839734383173239785e-01
7.698575572918341095e+03 9.868243381022958616e-01
7.698611547654604692e+03 9.818032401825215194e-01
7.698647522558973833e+03 9.890157225529198071e-01
7.698683497631450336e+03 9.767291915486979725e-01
7.698719472872035112e+03 9.664581938441750841e-01
7.698755448280729979e+03 9.763050196280627091e-01
7.698791423857534028e+03 9.869335854998985136e-01
7.698827399602448168e+03 9.524006452278718227e-01
7.698863375515473308e+03 8.999225912945466588e-01
7.698899351596611268e+03 7.705876273603413651e-01
7.698935327845862048e+03 3.227696308673893566e-01
7.698971304263226557e+03 1.882666932873242049e-02
7.699007280848704795e+03 5.019022303445800359e-01
7.699043257602300400e+03 8.735421999924977143e-01
7.699079234524009735e+03 9.274923229614840947e-01
7.699115211613836436e+03 9.358912518407483949e-01
7.699151188871783233e+03 9.230099101067533729e-01
7.699187166297845579e+03 9.334737319171350078e-01
7.699223143892028020e+03 9.501300243983751281e-01
7.699259121654330556e+03 9.670091072487506656e-01
7.699295099584752279e+03 9.682156003346191753e-01
7.699331077683297735e+03 9.654664872364081551e-01
7.699367055949965106e+03 9.647661012444311845e-01
7.699403034384755301e+03 9.666568643856158216e-01
7.699439012987669230e+03 9.679477154251873161e-01
7.699474991758708711e+03 9.725309005434784604e-01
7.699510970697872835e+03 9.768708174213136530e-01
7.699546949805162512e+03 9.669930309481852282e-01
7.699582929080581380e+03 9.745548114571404019e-01
7.699618908524126709e+03 9.723985761554015950e-01
7.699654888135800320e+03 9.707041423317129825e-01
7.699690867915604031e+03 9.826366477774497454e-01
7.699726847863537841e+03 9.756510591242180119e-01
7.699762827979601752e+03 9.747780648160411232e-01
7.699798808263799401e+03 9.857240294417480841e-01
7.699834788716128969e+03 9.917128612550364375e-01
7.699870769336590456e+03 9.922206251709487779e-01
7.699906750125188410e+03 9.854653717864262363e-01
7.699942731081918282e+03 9.840382801198827023e-01
7.699978712206786440e+03 9.788399759548465084e-01
7.700014693499790155e+03 9.821830468589215490e-01
