7.698000000000000000e+03 9.645480130333795588e-01
7.698035972046663119e+03 9.645480130333795588e-01
7.698071944261420867e+03 9.645480130333795588e-01
7.698107916644272336e+03 9.645480130333795588e-01
7.698143889195220254e+03 9.669311074698128117e-01
7.698179861914265530e+03 9.561938122397316553e-01
7.698215834801407254e+03 9.570111580868870815e-01
7.698251807856646337e+03 9.446770916871528589e-01
7.698287781079984597e+03 9.621380648418401682e-01
7.698323754471423854e+03 9.789864734359060572e-01
7.698359728030960468e+03 9.527195851123784198e-01
7.698395701758599898e+03 9.616045748799668669e-01
7.698431675654342143e+03 9.314820273590983524e-01
7.698467649718185385e+03 8.785237256461631006e-01
7.698503623950134170e+03 9.025535975189551419e-01
7.698539598350184860e+03 9.476682907850541016e-01
7.698575572918341095e+03 9.626272948853671352e-01
7.698611547654604692e+03 9.626707226135172712e-01
7.698647522558973833e+03 9.627419168664003157e-01
7.698683497631450336e+03 9.787457364621831024e-01
7.698719472872035112e+03 9.615277813686216035e-01
7.698755448280729979e+03 9.686567034252453468e-01
7.698791423857534028e+03 9.292141952065936517e-01
7.698827399602448168e+03 9.617060117548941189e-01
7.698863375515473308e+03 9.463467842933842578e-01
7.698899351596611268e+03 8.400328567073546138e-01
7.698935327845862048e+03 4.022863848561961109e-01
7.698971304263226557e+03 2.127425416754713527e-02
7.699007280848704795e+03 3.021393404075012334e-01
7.699043257602300400e+03 7.605810733087510211e-01
7.699079234524009735e+03 9.854121821335275477e-01
7.699115211613836436e+03 9.436586489608465023e-01
7.699151188871783233e+03 9.771082250258423807e-01
7.699187166297845579e+03 9.754456641970130626e-01
7.699223143892028020e+03 9.898272943374405441e-01
7.699259121654330556e+03 9.770088905632086096e-01
7.699295099584752279e+03 9.771107840892636620e-01
7.699331077683297735e+03 9.743718301932300374e-01
7.699367055949965106e+03 9.915125058542021419e-01
7.699403034384755301e+03 9.856701111325043563e-01
7.699439012987669230e+03 9.781258463955683213e-01
7.699474991758708711e+03 9.637463379102146899e-01
7.699510970697872835e+03 9.896520074623048613e-01
7.699546949805162512e+03 9.756109845447410445e-01
7.699582929080581380e+03 9.437376110516583205e-01
7.699618908524126709e+03 9.264900594799726496e-01
7.699654888135800320e+03 8.664310865760026514e-01
7.699690867915604031e+03 9.044727000057131150e-01
7.699726847863537841e+03 9.134527718894609460e-01
7.699762827979601752e+03 9.371748397929170471e-01
7.699798808263799401e+03 9.585450855762703837e-01
7.699834788716128969e+03 9.564723263296548428e-01
7.699870769336590456e+03 9.660678744394267659e-01
7.699906750125188410e+03 9.574866657524396807e-01
7.699942731081918282e+03 9.574866657524396807e-01
7.699978712206786440e+03 9.574866657524396807e-01
7.700014693499790155e+03 9.574866657524396807e-01
