7.698000000000000000e+03 9.297422901466079193e-01
7.698035972046663119e+03 9.297422901466079193e-01
7.698071944261420867e+03 9.297422901466079193e-01
7.698107916644272336e+03 9.297422901466079193e-01
7.698143889195220254e+03 9.302371450994826318e-01
7.698179861914265530e+03 9.587962290525839926e-01
7.698215834801407254e+03 9.521094234282606594e-01
7.698251807856646337e+03 9.469678274627186809e-01
7.698287781079984597e+03 9.566949163326058381e-01
7.698323754471423854e+03 9.650752954576976572e-01
7.698359728030960468e+03 9.761970880133757911e-01
7.698395701758599898e+03 9.800145169784004739e-01
7.698431675654342143e+03 9.810775705189254126e-01
7.698467649718185385e+03 9.816157878192985908e-01
7.698503623950134170e+03 9.601259170210445504e-01
7.698539598350184860e+03 9.695849553736347604e-01
7.698575572918341095e+03 9.655275762348087820e-01
7.698611547654604692e+03 9.275576548465328530e-01
7.698647522558973833e+03 9.524162880836264389e-01
7.698683497631450336e+03 9.581430601057028262e-01
7.698719472872035112e+03 9.488212119085392970e-01
7.698755448280729979e+03 9.337152587246285718e-01
7.698791423857534028e+03 9.560809529156540920e-01
7.698827399602448168e+03 9.546613370328590475e-01
7.698863375515473308e+03 9.188821784792123859e-01
7.698899351596611268e+03 6.605852142176397157e-01
7.698935327845862048e+03 4.174211723167203791e-02
7.698971304263226557e+03 8.937183021305702968e-02
7.699007280848704795e+03 2.387533064923833825e-01
7.699043257602300400e+03 5.010035977373800131e-01
7.699079234524009735e+03 7.458250392971421672e-01
7.699115211613836436e+03 7.855185065381492526e-01
7.699151188871783233e+03 7.990984568794750054e-01
7.699187166297845579e+03 8.064973883430117674e-01
7.699223143892028020e+03 8.464794581224580616e-01
7.699259121654330556e+03 8.779081985167159763e-01
7.699295099584752279e+03 9.029545524072123408e-01
7.699331077683297735e+03 9.129870203370923365e-01
7.699367055949965106e+03 9.152830799555569108e-01
7.699403034384755301e+03 9.197094243672473413e-01
7.699439012987669230e+03 9.281929014486681728e-01
7.699474991758708711e+03 9.180923507813090190e-01
7.699510970697872835e+03 9.203744586403505012e-01
7.699546949805162512e+03 9.239814779549943013e-01
7.699582929080581380e+03 9.494420913459845623e-01
7.699618908524126709e+03 9.544432360621716294e-01
7.699654888135800320e+03 9.831309125792353498e-01
7.699690867915604031e+03 9.807136821515689551e-01
7.699726847863537841e+03 9.763332509459236030e-01
7.699762827979601752e+03 9.792221785933270528e-01
7.699798808263799401e+03 9.821326947876147795e-01
7.699834788716128969e+03 9.971590636652124529e-01
7.699870769336590456e+03 9.956301277889851864e-01
7.699906750125188410e+03 1.000000000000000000e+00
7.699942731081918282e+03 1.000000000000000000e+00
7.699978712206786440e+03 1.000000000000000000e+00
7.700014693499790155e+03 1.000000000000000000e+00
