7.698000000000000000e+03 9.716131661159479460e-01
7.698035972046663119e+03 9.716131661159479460e-01
7.698071944261420867e+03 9.716131661159479460e-01
7.698107916644272336e+03 9.716131661159479460e-01
7.698143889195220254e+03 9.812382272803330530e-01
7.698179861914265530e+03 9.793888898682613364e-01
7.698215834801407254e+03 9.822617894426157736e-01
7.698251807856646337e+03 9.799301810535170354e-01
7.698287781079984597e+03 9.790106862619091244e-01
7.698323754471423854e+03 9.807149928807334938e-01
7.698359728030960468e+03 9.816071470967644430e-01
7.698395701758599898e+03 9.807326010866661559e-01
7.698431675654342143e+03 9.841506986106403065e-01
7.698467649718185385e+03 9.858061004496720958e-01
7.698503623950134170e+03 9.891544598720737325e-01
7.698539598350184860e+03 9.888327462146849767e-01
7.698575572918341095e+03 9.921250277029269871e-01
7.698611547654604692e+03 9.985037983116621385e-01
7.698647522558973833e+03 9.985486047608050919e-01
7.698683497631450336e+03 9.931760781250146275e-01
7.698719472872035112e+03 9.870954263539506446e-01
7.698755448280729979e+03 9.883430679712734701e-01
7.698791423857534028e+03 9.907233573340220589e-01
7.698827399602448168e+03 9.727230049081647678e-01
7.698863375515473308e+03 9.144741346617715205e-01
7.698899351596611268e+03 5.735875481227921124e-01
7.698935327845862048e+03 9.644712886740741675e-02
7.698971304263226557e+03 1.152707810119635995e-01
7.699007280848704795e+03 3.886740687237675851e-01
7.699043257602300400e+03 4.550498029733974770e-01
7.699079234524009735e+03 6.449758798029600060e-01
7.699115211613836436e+03 8.886570508308546668e-01
7.699151188871783233e+03 9.574980711071612305e-01
7.699187166297845579e+03 9.584258891436716610e-01
7.699223143892028020e+03 9.520059221389501891e-01
7.699259121654330556e+03 9.541964586706369600e-01
7.699295099584752279e+03 9.723201686580787984e-01
7.699331077683297735e+03 9.844624346126269465e-01
7.699367055949965106e+03 9.831680686574291173e-01
7.699403034384755301e+03 9.892529594706901408e-01
7.699439012987669230e+03 9.881847404796821888e-01
7.699474991758708711e+03 9.847975467147426221e-01
7.699510970697872835e+03 9.844922200935517509e-01
7.699546949805162512e+03 9.861021105551874832e-01
7.699582929080581380e+03 9.821051314304858337e-01
7.699618908524126709e+03 9.780843938806800253e-01
7.699654888135800320e+03 9.781473211048463678e-01
7.699690867915604031e+03 9.810454634172226518e-01
7.699726847863537841e+03 9.805785376720203006e-01
7.699762827979601752e+03 9.761366818614252150e-01
7.699798808263799401e+03 9.746175229805340567e-01
7.699834788716128969e+03 9.786158747652675682e-01
7.699870769336590456e+03 9.772707596005079100e-01
7.699906750125188410e+03 9.788305132087393723e-01
7.699942731081918282e+03 9.788305132087393723e-01
7.699978712206786440e+03 9.788305132087393723e-01
7.700014693499790155e+03 9.788305132087393723e-01
