7.698000000000000000e+03 9.898710693318037990e-01
7.698035972046663119e+03 9.898710693318037990e-01
7.698071944261420867e+03 9.898710693318037990e-01
7.698107916644272336e+03 9.901094978479334507e-01
7.698143889195220254e+03 9.881789564496680223e-01
7.698179861914265530e+03 9.887847723898960384e-01
7.698215834801407254e+03 9.889258688928378449e-01
7.698251807856646337e+03 9.834033822506328404e-01
7.698287781079984597e+03 9.745334318407024021e-01
7.698323754471423854e+03 9.699656113174822680e-01
7.698359728030960468e+03 9.760319079438319889e-01
7.698395701758599898e+03 9.809493852894818344e-01
7.698431675654342143e+03 9.837815900195963081e-01
7.698467649718185385e+03 9.858531157030974157e-01
7.698503623950134170e+03 9.834633468944874446e-01
7.698539598350184860e+03 9.751038680918204804e-01
7.698575572918341095e+03 9.682058513219281570e-01
7.698611547654604692e+03 9.709151695429977247e-01
7.698647522558973833e+03 9.702180621651179671e-01
7.698683497631450336e+03 9.671525351339688159e-01
7.698719472872035112e+03 9.721764853075237633e-01
7.698755448280729979e+03 9.787180412082346903e-01
7.698791423857534028e+03 9.819367198893184101e-01
7.698827399602448168e+03 9.618344019724535121e-01
7.698863375515473308e+03 8.093719104390237895e-01
7.698899351596611268e+03 5.156005955441532729e-01
7.698935327845862048e+03 2.798670259826314677e-01
7.698971304263226557e+03 6.462730036123606747e-02
7.699007280848704795e+03 1.289281955620243114e-01
7.699043257602300400e+03 5.814662537170054435e-01
7.699079234524009735e+03 9.140967998109214010e-01
7.699115211613836436e+03 9.898903551383896326e-01
7.699151188871783233e+03 9.908580372004435199e-01
7.699187166297845579e+03 9.903634166939877526e-01
7.699223143892028020e+03 9.919549097196665999e-01
7.699259121654330556e+03 9.933680520732871555e-01
7.699295099584752279e+03 9.918277785799346491e-01
7.699331077683297735e+03 9.893914508925751861e-01
7.699367055949965106e+03 9.910570242127167973e-01
7.699403034384755301e+03 9.933227604240272290e-01
7.699439012987669230e+03 9.866401537531895860e-01
7.699474991758708711e+03 9.776912681784620807e-01
7.699510970697872835e+03 9.785808686529865463e-01
7.699546949805162512e+03 9.850214210625346523e-01
7.699582929080581380e+03 9.876709043449500847e-01
7.699618908524126709e+03 9.873093916898545430e-01
7.699654888135800320e+03 9.887395838095905942e-01
7.699690867915604031e+03 9.868213432826191678e-01
7.699726847863537841e+03 9.804130885450700328e-01
7.699762827979601752e+03 9.767646619264113150e-01
7.699798808263799401e+03 9.816758394295012069e-01
7.699834788716128969e+03 9.784673348643085911e-01
7.699870769336590456e+03 9.732222107213351903e-01
7.699906750125188410e+03 9.732933196888966521e-01
7.699942731081918282e+03 9.732933196888966521e-01
7.699978712206786440e+03 9.732933196888966521e-01
7.700014693499790155e+03 9.732933196888966521e-01
