7.698000000000000000e+03 9.879829442910512682e-01
7.698035972046663119e+03 9.885481576282615368e-01
7.698071944261420867e+03 9.894075063339760057e-01
7.698107916644272336e+03 9.899946839782948205e-01
7.698143889195220254e+03 9.910680232992390426e-01
7.698179861914265530e+03 9.921743765205782717e-01
7.698215834801407254e+03 9.919286115713670249e-01
7.698251807856646337e+03 9.926746216749279261e-01
7.698287781079984597e+03 9.919161484790087746e-01
7.698323754471423854e+03 9.922389631743226968e-01
7.698359728030960468e+03 9.941973135616553048e-01
7.698395701758599898e+03 9.969823341467211053e-01
7.698431675654342143e+03 9.982086382887418452e-01
7.698467649718185385e+03 9.962842740895838656e-01
7.698503623950134170e+03 9.984862562185174983e-01
7.698539598350184860e+03 9.887738269730336205e-01
7.698575572918341095e+03 9.782966131599792892e-01
7.698611547654604692e+03 9.624719259588017106e-01
7.698647522558973833e+03 9.602189684412104631e-01
7.698683497631450336e+03 9.552270048643791700e-01
7.698719472872035112e+03 9.555991795989418058e-01
7.698755448280729979e+03 9.735995779338946221e-01
7.698791423857534028e+03 9.818544659458825485e-01
7.698827399602448168e+03 9.764346213738244185e-01
7.698863375515473308e+03 9.383849740060761224e-01
7.698899351596611268e+03 7.210440975103076244e-01
7.698935327845862048e+03 2.315821847563708791e-01
7.698971304263226557e+03 1.829333157993706660e-02
7.699007280848704795e+03 4.304634556117964417e-01
7.699043257602300400e+03 8.704197001445527215e-01
7.699079234524009735e+03 9.743547742939547840e-01
7.699115211613836436e+03 9.808026771065505578e-01
7.699151188871783233e+03 9.814054823422533325e-01
7.699187166297845579e+03 9.853485492078388752e-01
7.699223143892028020e+03 9.845887561692101553e-01
7.699259121654330556e+03 9.836386370696028614e-01
7.699295099584752279e+03 9.881459165929966648e-01
7.699331077683297735e+03 9.876514789320309795e-01
7.699367055949965106e+03 9.906233207638659444e-01
7.699403034384755301e+03 9.901005961788046372e-01
7.699439012987669230e+03 9.914252442280429012e-01
7.699474991758708711e+03 9.913372706744136842e-01
7.699510970697872835e+03 9.903805148942450565e-01
7.699546949805162512e+03 9.919263954484445200e-01
7.699582929080581380e+03 9.922564379182199357e-01
7.699618908524126709e+03 9.922564379182199357e-01
7.699654888135800320e+03 9.922564379182199357e-01
7.699690867915604031e+03 9.922564379182199357e-01
7.699726847863537841e+03 9.922564379182199357e-01
7.699762827979601752e+03 9.922564379182199357e-01
7.699798808263799401e+03 9.922564379182199357e-01
7.699834788716128969e+03 9.922564379182199357e-01
7.699870769336590456e+03 9.922564379182199357e-01
7.699906750125188410e+03 9.922564379182199357e-01
7.699942731081918282e+03 9.922564379182199357e-01
7.699978712206786440e+03 9.922564379182199357e-01
7.700014693499790155e+03 9.922564379182199357e-01
