7.698000000000000000e+03 9.772796088396309422e-01
7.698035972046663119e+03 9.756315519847895690e-01
7.698071944261420867e+03 9.755482379731641451e-01
7.698107916644272336e+03 9.756822549194472671e-01
7.698143889195220254e+03 9.773926032546569331e-01
7.698179861914265530e+03 9.795393971291423973e-01
7.698215834801407254e+03 9.805789713213579617e-01
7.698251807856646337e+03 9.825271051107942188e-01
7.698287781079984597e+03 9.854183206377680193e-01
7.698323754471423854e+03 9.868889391748607576e-01
7.698359728030960468e+03 9.866280611407258760e-01
7.698395701758599898e+03 9.857199345653465672e-01
7.698431675654342143e+03 9.856858801483268095e-01
7.698467649718185385e+03 9.866617881583543692e-01
7.698503623950134170e+03 9.896243043585897237e-01
7.698539598350184860e+03 9.893833749580636105e-01
7.698575572918341095e+03 9.879554703828032913e-01
7.698611547654604692e+03 9.910906325387931481e-01
7.698647522558973833e+03 9.894958467596212115e-01
7.698683497631450336e+03 9.882378111672395216e-01
7.698719472872035112e+03 9.824014440335656628e-01
7.698755448280729979e+03 9.755636639012491562e-01
7.698791423857534028e+03 9.713468265899882770e-01
7.698827399602448168e+03 9.167453747832522426e-01
7.698863375515473308e+03 6.836984590462347189e-01
7.698899351596611268e+03 3.695616543816340194e-01
7.698935327845862048e+03 1.554135582828326534e-01
7.698971304263226557e+03 2.251764170678979826e-02
7.699007280848704795e+03 3.032397704816350292e-01
7.699043257602300400e+03 7.838064472190815479e-01
7.699079234524009735e+03 9.707726364904631922e-01
7.699115211613836436e+03 9.898286326545773228e-01
7.699151188871783233e+03 9.908417820457837699e-01
7.699187166297845579e+03 9.912730984091366881e-01
7.699223143892028020e+03 9.926075078100458082e-01
7.699259121654330556e+03 9.952340850230541047e-01
7.699295099584752279e+03 9.944076915212172185e-01
7.699331077683297735e+03 9.941024648142686715e-01
7.699367055949965106e+03 9.956120048107475196e-01
7.699403034384755301e+03 9.961356326103111281e-01
7.699439012987669230e+03 9.967843789165494739e-01
7.699474991758708711e+03 9.952952841601778733e-01
7.699510970697872835e+03 9.970240984868983247e-01
7.699546949805162512e+03 9.969868462964148748e-01
7.699582929080581380e+03 9.969868462964148748e-01
7.699618908524126709e+03 9.969868462964148748e-01
7.699654888135800320e+03 9.969868462964148748e-01
7.699690867915604031e+03 9.969868462964148748e-01
7.699726847863537841e+03 9.969868462964148748e-01
7.699762827979601752e+03 9.969868462964148748e-01
7.699798808263799401e+03 9.969868462964148748e-01
7.699834788716128969e+03 9.969868462964148748e-01
7.699870769336590456e+03 9.969868462964148748e-01
7.699906750125188410e+03 9.969868462964148748e-01
7.699942731081918282e+03 9.969868462964148748e-01
7.699978712206786440e+03 9.969868462964148748e-01
7.700014693499790155e+03 9.969868462964148748e-01
